"lrange benchmark:list 0 4","1125237.38"
