"lrange benchmark:list 0 4","1197815.62"
