"lrange benchmark:list 0 4","815739.00"
