"lrange benchmark:list 0 4","1186562.25"
