"lrange benchmark:list 0 4","1287124.88"
