"lrange benchmark:list 0 4","1178026.00"
