"lrange benchmark:list 0 4","1259627.12"
